 56520  0.1735  0.3482  0.03517
 56521  0.1736  0.3471  0.03479
 56522  0.1737  0.3459  0.03441
 56523  0.1737  0.3447  0.03402
 56524  0.1738  0.3435  0.03362
 56525  0.1738  0.3423  0.03321
 56526  0.1737  0.3411  0.03278
 56527  0.1737  0.3400  0.03235
 56528  0.1736  0.3388  0.03190
 56529  0.1735  0.3376  0.03144
 56530  0.1734  0.3364  0.03097
 56531  0.1732  0.3352  0.03049
 56532  0.1730  0.3340  0.02999
 56533  0.1728  0.3329  0.02949
 56534  0.1726  0.3317  0.02896
 56535  0.1723  0.3305  0.02843
 56536  0.1691  0.3240  0.03794
 56537  0.1717  0.3282  0.02731
 56538  0.1714  0.3270  0.02674
 56539  0.1710  0.3259  0.02614
 56540  0.1707  0.3247  0.02554
 56541  0.1703  0.3235  0.02491
 56542  0.1698  0.3224  0.02428
 56543  0.1694  0.3213  0.02362
 56544  0.1689  0.3201  0.02295
 56545  0.1684  0.3190  0.02227
 56546  0.1678  0.3179  0.02157
 56547  0.1673  0.3168  0.02086
 56548  0.1667  0.3157  0.02012
 56549  0.1661  0.3146  0.01938
 56550  0.1655  0.3135  0.01861
 56551  0.1648  0.3124  0.01783
 56552  0.1642  0.3113  0.01704
 56553  0.1635  0.3103  0.01623
 56554  0.1627  0.3092  0.01540
 56555  0.1620  0.3082  0.01456
 56556  0.1612  0.3072  0.01370
 56557  0.1605  0.3061  0.01282
 56558  0.1596  0.3051  0.01193
 56559  0.1588  0.3041  0.01102
 56560  0.1580  0.3032  0.01010
 56561  0.1571  0.3022  0.00916
 56562  0.1562  0.3012  0.00820
 56563  0.1553  0.3003  0.00723
 56564  0.1543  0.2994  0.00625
 56565  0.1534  0.2984  0.00524
 56566  0.1524  0.2975  0.00423
 56567  0.1514  0.2967  0.00320
 56568  0.1504  0.2958  0.00215
 56569  0.1493  0.2949  0.00109
 56570  0.1483  0.2941  0.00002
 56571  0.1472  0.2933 -0.00107
 56572  0.1461  0.2924 -0.00217
 56573  0.1450  0.2916 -0.00329
 56574  0.1438  0.2909 -0.00442
 56575  0.1427  0.2901 -0.00556
 56576  0.1415  0.2894 -0.00672
 56577  0.1403  0.2886 -0.00788
 56578  0.1391  0.2879 -0.00906
 56579  0.1379  0.2872 -0.01026
 56580  0.1367  0.2866 -0.01146
 56581  0.1355  0.2859 -0.01267
 56582  0.1342  0.2853 -0.01390
 56583  0.1329  0.2847 -0.01514
 56584  0.1316  0.2841 -0.01638
 56585  0.1303  0.2835 -0.01764
 56586  0.1290  0.2829 -0.01891
 56587  0.1277  0.2824 -0.02018
 56588  0.1263  0.2819 -0.02147
 56589  0.1250  0.2814 -0.02276
 56590  0.1236  0.2809 -0.02407
 56591  0.1222  0.2805 -0.02538
 56592  0.1208  0.2800 -0.02669
 56593  0.1194  0.2796 -0.02802
 56594  0.1180  0.2792 -0.02935
 56595  0.1166  0.2789 -0.03069
 56596  0.1152  0.2785 -0.03203
 56597  0.1137  0.2782 -0.03338
 56598  0.1123  0.2779 -0.03474
 56599  0.1108  0.2776 -0.03610
 56600  0.1094  0.2773 -0.03747
 56601  0.1079  0.2771 -0.03883
 56602  0.1064  0.2769 -0.04021
 56603  0.1049  0.2767 -0.04158
 56604  0.1034  0.2765 -0.04296
 56605  0.1019  0.2764 -0.04435
 56606  0.1004  0.2763 -0.04573
 56607  0.0989  0.2762 -0.04712
 56608  0.0974  0.2761 -0.04851
 56609  0.0959  0.2760 -0.04990
 56610  0.0944  0.2760 -0.05129
 56611  0.0929  0.2760 -0.05268
 56612  0.0914  0.2760 -0.05407
 56613  0.0898  0.2761 -0.05547
 56614  0.0883  0.2761 -0.05686
 56615  0.0868  0.2762 -0.05825
 56616  0.0853  0.2763 -0.05964
 56617  0.0838  0.2765 -0.06103
 56618  0.0822  0.2766 -0.06242
 56619  0.0807  0.2768 -0.06381
 56620  0.0792  0.2770 -0.06519
 56621  0.0777  0.2773 -0.06657
 56622  0.0762  0.2775 -0.06795
 56623  0.0747  0.2778 -0.06933
 56624  0.0732  0.2781 -0.07070
 56625  0.0717  0.2784 -0.07207
 56626  0.0702  0.2788 -0.07344
 56627  0.0687  0.2792 -0.07480
 56628  0.0672  0.2795 -0.07616
 56629  0.0657  0.2800 -0.07751
 56630  0.0642  0.2804 -0.07887
 56631  0.0628  0.2809 -0.08021
 56632  0.0613  0.2814 -0.08155
 56633  0.0599  0.2819 -0.08289
 56634  0.0584  0.2824 -0.08422
 56635  0.0570  0.2830 -0.08555
 56636  0.0556  0.2835 -0.08687
 56637  0.0542  0.2842 -0.08819
 56638  0.0528  0.2848 -0.08950
 56639  0.0514  0.2854 -0.09081
 56640  0.0500  0.2861 -0.09211
 56641  0.0486  0.2868 -0.09340
 56642  0.0473  0.2875 -0.09469
 56643  0.0459  0.2882 -0.09598
 56644  0.0446  0.2890 -0.09725
 56645  0.0433  0.2898 -0.09853
 56646  0.0420  0.2906 -0.09979
 56647  0.0407  0.2914 -0.10105
 56648  0.0394  0.2922 -0.10231
 56649  0.0382  0.2931 -0.10356
 56650  0.0369  0.2940 -0.10481
 56651  0.0357  0.2949 -0.10604
 56652  0.0345  0.2958 -0.10728
 56653  0.0333  0.2967 -0.10851
 56654  0.0321  0.2977 -0.10973
 56655  0.0310  0.2986 -0.11095
 56656  0.0298  0.2996 -0.11216
 56657  0.0287  0.3007 -0.11337
 56658  0.0276  0.3017 -0.11457
 56659  0.0265  0.3027 -0.11577
 56660  0.0255  0.3038 -0.11697
 56661  0.0244  0.3049 -0.11815
 56662  0.0234  0.3060 -0.11934
 56663  0.0224  0.3071 -0.12052
 56664  0.0215  0.3082 -0.12170
 56665  0.0205  0.3094 -0.12287
 56666  0.0196  0.3106 -0.12404
 56667  0.0187  0.3117 -0.12521
 56668  0.0178  0.3129 -0.12637
 56669  0.0169  0.3141 -0.12753
 56670  0.0161  0.3154 -0.12869
 56671  0.0152  0.3166 -0.12985
 56672  0.0144  0.3179 -0.13100
 56673  0.0137  0.3191 -0.13215
 56674  0.0129  0.3204 -0.13330
 56675  0.0122  0.3217 -0.13444
 56676  0.0115  0.3230 -0.13559
 56677  0.0108  0.3243 -0.13674
 56678  0.0102  0.3256 -0.13788
 56679  0.0096  0.3270 -0.13902
 56680  0.0090  0.3283 -0.14016
 56681  0.0084  0.3297 -0.14131
 56682  0.0079  0.3310 -0.14245
 56683  0.0073  0.3324 -0.14359
 56684  0.0068  0.3338 -0.14474
 56685  0.0064  0.3352 -0.14588
 56686  0.0060  0.3366 -0.14702
 56687  0.0055  0.3380 -0.14817
 56688  0.0052  0.3394 -0.14932
 56689  0.0048  0.3409 -0.15047
 56690  0.0045  0.3423 -0.15162
 56691  0.0042  0.3437 -0.15277
 56692  0.0039  0.3452 -0.15393
 56693  0.0037  0.3466 -0.15509
 56694  0.0035  0.3481 -0.15625
 56695  0.0033  0.3495 -0.15742
 56696  0.0031  0.3510 -0.15859
 56697  0.0030  0.3525 -0.15976
 56698  0.0029  0.3539 -0.16094
 56699  0.0029  0.3554 -0.16212
 56700  0.0028  0.3569 -0.16330
 56701  0.0028  0.3584 -0.16449
 56702  0.0028  0.3598 -0.16568
 56703  0.0029  0.3613 -0.16688
 56704  0.0030  0.3628 -0.16808
 56705  0.0031  0.3643 -0.16929
 56706  0.0032  0.3657 -0.17051
 56707  0.0034  0.3672 -0.17173
 56708  0.0036  0.3687 -0.17295
 56709  0.0038  0.3702 -0.17418
 56710  0.0041  0.3716 -0.17542
 56711  0.0044  0.3731 -0.17666
 56712  0.0047  0.3746 -0.17791
 56713  0.0050  0.3760 -0.17916
 56714  0.0054  0.3775 -0.18042
 56715  0.0058  0.3789 -0.18169
 56716  0.0062  0.3804 -0.18296
 56717  0.0067  0.3818 -0.18424
 56718  0.0072  0.3832 -0.18552
 56719  0.0077  0.3847 -0.18682
 56720  0.0083  0.3861 -0.18811
 56721  0.0088  0.3875 -0.18942
 56722  0.0094  0.3889 -0.19073
 56723  0.0101  0.3903 -0.19205
 56724  0.0107  0.3917 -0.19337
 56725  0.0114  0.3931 -0.19470
 56726  0.0122  0.3945 -0.19604
 56727  0.0129  0.3958 -0.19738
 56728  0.0137  0.3972 -0.19873
 56729  0.0145  0.3985 -0.20008
 56730  0.0153  0.3998 -0.20145
 56731  0.0162  0.4011 -0.20281
 56732  0.0171  0.4025 -0.20419
 56733  0.0180  0.4037 -0.20556
 56734  0.0189  0.4050 -0.20695
 56735  0.0199  0.4063 -0.20834
 56736  0.0209  0.4075 -0.20973
 56737  0.0219  0.4088 -0.21113
 56738  0.0229  0.4100 -0.21254
 56739  0.0240  0.4112 -0.21394
 56740  0.0251  0.4124 -0.21536
 56741  0.0262  0.4136 -0.21677
 56742  0.0273  0.4147 -0.21820
 56743  0.0285  0.4159 -0.21962
 56744  0.0297  0.4170 -0.22105
 56745  0.0309  0.4181 -0.22248
 56746  0.0321  0.4192 -0.22392
 56747  0.0334  0.4203 -0.22535
 56748  0.0347  0.4213 -0.22679
 56749  0.0360  0.4224 -0.22823
 56750  0.0373  0.4234 -0.22968
 56751  0.0387  0.4244 -0.23112
 56752  0.0400  0.4253 -0.23257
 56753  0.0414  0.4263 -0.23402
 56754  0.0428  0.4272 -0.23546
 56755  0.0443  0.4282 -0.23691
 56756  0.0457  0.4290 -0.23836
 56757  0.0472  0.4299 -0.23981
 56758  0.0487  0.4308 -0.24125
 56759  0.0502  0.4316 -0.24270
 56760  0.0517  0.4324 -0.24414
 56761  0.0532  0.4332 -0.24558
 56762  0.0548  0.4339 -0.24702
 56763  0.0564  0.4347 -0.24846
 56764  0.0580  0.4354 -0.24989
 56765  0.0596  0.4361 -0.25132
 56766  0.0612  0.4367 -0.25275
 56767  0.0628  0.4374 -0.25417
 56768  0.0645  0.4380 -0.25559
 56769  0.0661  0.4386 -0.25700
 56770  0.0678  0.4392 -0.25840
 56771  0.0695  0.4397 -0.25981
 56772  0.0712  0.4402 -0.26120
 56773  0.0729  0.4407 -0.26259
 56774  0.0747  0.4412 -0.26397
 56775  0.0764  0.4416 -0.26534
 56776  0.0782  0.4420 -0.26671
 56777  0.0799  0.4424 -0.26807
 56778  0.0817  0.4428 -0.26942
 56779  0.0835  0.4431 -0.27076
 56780  0.0853  0.4434 -0.27209
 56781  0.0870  0.4437 -0.27341
 56782  0.0889  0.4439 -0.27472
 56783  0.0907  0.4441 -0.27602
 56784  0.0925  0.4443 -0.27731
 56785  0.0943  0.4445 -0.27859
 56786  0.0961  0.4447 -0.27986
 56787  0.0980  0.4448 -0.28112
 56788  0.0998  0.4448 -0.28236
 56789  0.1016  0.4449 -0.28360
 56790  0.1035  0.4449 -0.28482
 56791  0.1053  0.4449 -0.28602
 56792  0.1072  0.4449 -0.28722
 56793  0.1090  0.4448 -0.28840
 56794  0.1109  0.4448 -0.28956
 56795  0.1127  0.4446 -0.29071
 56796  0.1146  0.4445 -0.29185
 56797  0.1165  0.4443 -0.29298
 56798  0.1183  0.4441 -0.29408
 56799  0.1202  0.4439 -0.29518
 56800  0.1220  0.4436 -0.29626
 56801  0.1238  0.4434 -0.29732
 56802  0.1257  0.4431 -0.29837
 56803  0.1275  0.4427 -0.29940
 56804  0.1294  0.4423 -0.30042
 56805  0.1312  0.4419 -0.30142
 56806  0.1330  0.4415 -0.30240
 56807  0.1348  0.4411 -0.30337
 56808  0.1366  0.4406 -0.30432
 56809  0.1384  0.4401 -0.30525
 56810  0.1402  0.4395 -0.30617
 56811  0.1420  0.4390 -0.30707
 56812  0.1438  0.4384 -0.30796
 56813  0.1456  0.4378 -0.30883
 56814  0.1473  0.4371 -0.30968
 56815  0.1491  0.4364 -0.31051
 56816  0.1508  0.4357 -0.31133
 56817  0.1526  0.4350 -0.31213
 56818  0.1543  0.4342 -0.31291
 56819  0.1560  0.4335 -0.31368
 56820  0.1577  0.4326 -0.31443
 56821  0.1593  0.4318 -0.31517
 56822  0.1610  0.4310 -0.31589
 56823  0.1626  0.4301 -0.31659
 56824  0.1643  0.4291 -0.31728
 56825  0.1659  0.4282 -0.31795
 56826  0.1675  0.4272 -0.31860
 56827  0.1691  0.4263 -0.31924
 56828  0.1707  0.4252 -0.31986
 56829  0.1722  0.4242 -0.32047
 56830  0.1737  0.4231 -0.32106
 56831  0.1752  0.4221 -0.32164
 56832  0.1767  0.4209 -0.32220
 56833  0.1782  0.4198 -0.32275
 56834  0.1797  0.4186 -0.32328
 56835  0.1811  0.4175 -0.32380
 56836  0.1825  0.4163 -0.32431
 56837  0.1839  0.4150 -0.32480
 56838  0.1853  0.4138 -0.32528
 56839  0.1866  0.4125 -0.32575
 56840  0.1879  0.4112 -0.32621
 56841  0.1892  0.4099 -0.32665
 56842  0.1905  0.4086 -0.32708
 56843  0.1918  0.4072 -0.32750
 56844  0.1930  0.4059 -0.32791
 56845  0.1942  0.4045 -0.32831
 56846  0.1954  0.4031 -0.32870
 56847  0.1966  0.4016 -0.32908
 56848  0.1977  0.4002 -0.32945
 56849  0.1988  0.3987 -0.32982
 56850  0.1999  0.3972 -0.33017
 56851  0.2009  0.3957 -0.33051
 56852  0.2019  0.3942 -0.33085
 56853  0.2029  0.3927 -0.33118
 56854  0.2039  0.3911 -0.33151
 56855  0.2048  0.3895 -0.33182
 56856  0.2057  0.3880 -0.33214
 56857  0.2066  0.3864 -0.33244
 56858  0.2075  0.3848 -0.33275
 56859  0.2083  0.3831 -0.33305
 56860  0.2091  0.3815 -0.33334
 56861  0.2098  0.3798 -0.33363
 56862  0.2106  0.3782 -0.33392
 56863  0.2113  0.3765 -0.33421
 56864  0.2119  0.3748 -0.33449
 56865  0.2126  0.3731 -0.33477
 56866  0.2132  0.3714 -0.33506
 56867  0.2137  0.3697 -0.33534
 56868  0.2143  0.3679 -0.33562
 56869  0.2148  0.3662 -0.33591
 56870  0.2153  0.3644 -0.33619
 56871  0.2157  0.3627 -0.33648
 56872  0.2161  0.3609 -0.33677
 56873  0.2165  0.3591 -0.33706
 56874  0.2169  0.3574 -0.33735
 56875  0.2172  0.3556 -0.33765
 56876  0.2174  0.3538 -0.33795
 56877  0.2177  0.3520 -0.33826
 56878  0.2179  0.3502 -0.33857
 56879  0.2181  0.3484 -0.33889
 56880  0.2182  0.3466 -0.33922
 56881  0.2183  0.3448 -0.33955
 56882  0.2184  0.3429 -0.33989
 56883  0.2185  0.3411 -0.34023
 56884  0.2185  0.3393 -0.34059
 56885  0.2184  0.3375 -0.34095
 56886  0.2184  0.3357 -0.34132
 56887  0.2183  0.3338 -0.34170
 56888  0.2181  0.3320 -0.34209
 56889  0.2180  0.3302 -0.34249
 56890  0.2178  0.3284 -0.34290
 56891  0.2176  0.3266 -0.34332
 56892  0.2173  0.3247 -0.34375
 56893  0.2170  0.3229 -0.34419
 56894  0.2166  0.3211 -0.34465
 56895  0.2163  0.3193 -0.34512
 56896  0.2159  0.3175 -0.34560
 56897  0.2154  0.3157 -0.34609
 56898  0.2150  0.3139 -0.34659
 56899  0.2145  0.3121 -0.34711
 56900  0.2139  0.3104 -0.34764
 56901  0.2133  0.3086 -0.34819
 56902  0.2127  0.3068 -0.34875
 56903  0.2121  0.3051 -0.34932
 56904  0.2114  0.3033 -0.34991
 56905  0.2107  0.3016 -0.35052
 56906  0.2100  0.2999 -0.35114
 56907  0.2092  0.2982 -0.35177
 56908  0.2084  0.2965 -0.35242
 56909  0.2075  0.2948 -0.35308
 56910  0.2067  0.2931 -0.35376
 56911  0.2057  0.2914 -0.35446
 56912  0.2048  0.2898 -0.35517
 56913  0.2038  0.2881 -0.35590
 56914  0.2028  0.2865 -0.35664
 56915  0.2018  0.2849 -0.35740
 56916  0.2007  0.2833 -0.35818
 56917  0.1996  0.2817 -0.35897
 56918  0.1985  0.2801 -0.35978
 56919  0.1974  0.2786 -0.36060
 56920  0.1962  0.2770 -0.36144
 56921  0.1949  0.2755 -0.36230
 56922  0.1937  0.2740 -0.36317
 56923  0.1924  0.2725 -0.36406
 56924  0.1911  0.2711 -0.36496
 56925  0.1898  0.2696 -0.36588
 56926  0.1884  0.2682 -0.36681
 56927  0.1870  0.2668 -0.36777
 56928  0.1856  0.2654 -0.36873
 56929  0.1842  0.2640 -0.36971
 56930  0.1827  0.2627 -0.37071
 56931  0.1812  0.2614 -0.37172
 56932  0.1797  0.2601 -0.37275
 56933  0.1781  0.2588 -0.37379
 56934  0.1766  0.2575 -0.37485
 56935  0.1750  0.2563 -0.37592
 56936  0.1733  0.2551 -0.37700
 56937  0.1717  0.2539 -0.37810
 56938  0.1700  0.2527 -0.37922
 56939  0.1683  0.2516 -0.38034
 56940  0.1666  0.2505 -0.38148
 56941  0.1649  0.2494 -0.38263
 56942  0.1631  0.2484 -0.38380
 56943  0.1613  0.2473 -0.38497
 56944  0.1595  0.2463 -0.38616
 56945  0.1577  0.2453 -0.38736
 56946  0.1558  0.2444 -0.38858
 56947  0.1540  0.2435 -0.38980
 56948  0.1521  0.2426 -0.39103
 56949  0.1502  0.2417 -0.39228
 56950  0.1483  0.2409 -0.39353
 56951  0.1464  0.2400 -0.39480
 56952  0.1444  0.2393 -0.39607
 56953  0.1424  0.2385 -0.39736
 56954  0.1404  0.2378 -0.39865
 56955  0.1385  0.2371 -0.39995
 56956  0.1364  0.2364 -0.40126
 56957  0.1344  0.2358 -0.40257
 56958  0.1324  0.2352 -0.40389
 56959  0.1303  0.2346 -0.40522
 56960  0.1282  0.2341 -0.40656
 56961  0.1262  0.2336 -0.40790
 56962  0.1241  0.2331 -0.40925
 56963  0.1220  0.2326 -0.41061
 56964  0.1199  0.2322 -0.41197
 56965  0.1178  0.2318 -0.41333
 56966  0.1156  0.2315 -0.41470
 56967  0.1135  0.2312 -0.41607
 56968  0.1113  0.2309 -0.41745
 56969  0.1092  0.2306 -0.41883
 56970  0.1070  0.2304 -0.42021
 56971  0.1049  0.2302 -0.42159
 56972  0.1027  0.2300 -0.42298
 56973  0.1005  0.2299 -0.42437
 56974  0.0983  0.2298 -0.42576
 56975  0.0962  0.2298 -0.42715
 56976  0.0940  0.2297 -0.42854
 56977  0.0918  0.2297 -0.42993
 56978  0.0896  0.2298 -0.43133
 56979  0.0874  0.2299 -0.43272
 56980  0.0852  0.2300 -0.43411
 56981  0.0830  0.2301 -0.43550
 56982  0.0808  0.2303 -0.43689
 56983  0.0787  0.2305 -0.43828
 56984  0.0765  0.2307 -0.43967
 56985  0.0743  0.2310 -0.44105
 56986  0.0721  0.2313 -0.44243
 56987  0.0699  0.2317 -0.44381
 56988  0.0678  0.2320 -0.44519
 56989  0.0656  0.2324 -0.44656
 56990  0.0634  0.2329 -0.44794
 56991  0.0613  0.2333 -0.44930
 56992  0.0591  0.2338 -0.45067
 56993  0.0570  0.2344 -0.45203
 56994  0.0549  0.2350 -0.45338
 56995  0.0528  0.2356 -0.45474
 56996  0.0506  0.2362 -0.45608
 56997  0.0485  0.2369 -0.45743
 56998  0.0465  0.2376 -0.45876
 56999  0.0444  0.2383 -0.46010
 57000  0.0423  0.2391 -0.46143
 57001  0.0403  0.2399 -0.46275
 57002  0.0382  0.2407 -0.46407
 57003  0.0362  0.2415 -0.46538
 57004  0.0342  0.2424 -0.46669
 57005  0.0322  0.2434 -0.46799
 57006  0.0302  0.2443 -0.46929
 57007  0.0282  0.2453 -0.47058
 57008  0.0263  0.2463 -0.47186
 57009  0.0243  0.2474 -0.47314
 57010  0.0224  0.2484 -0.47442
 57011  0.0205  0.2495 -0.47568
 57012  0.0187  0.2507 -0.47695
 57013  0.0168  0.2518 -0.47820
 57014  0.0150  0.2530 -0.47946
 57015  0.0131  0.2542 -0.48070
 57016  0.0113  0.2555 -0.48194
 57017  0.0096  0.2567 -0.48318
 57018  0.0078  0.2581 -0.48441
 57019  0.0061  0.2594 -0.48563
 57020  0.0044  0.2607 -0.48685
 57021  0.0027  0.2621 -0.48807
 57022  0.0010  0.2635 -0.48928
 57023 -0.0006  0.2650 -0.49048
 57024 -0.0022  0.2664 -0.49168
 57025 -0.0038  0.2679 -0.49287
 57026 -0.0053  0.2694 -0.49407
 57027 -0.0069  0.2710 -0.49525
 57028 -0.0084  0.2725 -0.49643
 57029 -0.0098  0.2741 -0.49761
 57030 -0.0113  0.2757 -0.49879
 57031 -0.0127  0.2773 -0.49996
 57032 -0.0141  0.2790 -0.50112
 57033 -0.0155  0.2806 -0.50229
 57034 -0.0168  0.2823 -0.50345
 57035 -0.0181  0.2841 -0.50461
 57036 -0.0194  0.2858 -0.50576
 57037 -0.0206  0.2875 -0.50692
 57038 -0.0218  0.2893 -0.50807
 57039 -0.0230  0.2911 -0.50922
 57040 -0.0241  0.2929 -0.51037
 57041 -0.0252  0.2948 -0.51151
 57042 -0.0263  0.2966 -0.51266
 57043 -0.0274  0.2985 -0.51380
 57044 -0.0284  0.3003 -0.51494
 57045 -0.0293  0.3022 -0.51609
 57046 -0.0303  0.3042 -0.51723
 57047 -0.0312  0.3061 -0.51837
 57048 -0.0321  0.3080 -0.51951
 57049 -0.0329  0.3100 -0.52066
 57050 -0.0337  0.3120 -0.52180
 57051 -0.0345  0.3139 -0.52295
 57052 -0.0352  0.3159 -0.52409
 57053 -0.0359  0.3180 -0.52524
 57054 -0.0366  0.3200 -0.52639
 57055 -0.0372  0.3220 -0.52754
 57056 -0.0378  0.3240 -0.52869
 57057 -0.0383  0.3261 -0.52985
 57058 -0.0388  0.3282 -0.53101
 57059 -0.0393  0.3302 -0.53217
 57060 -0.0398  0.3323 -0.53333
 57061 -0.0402  0.3344 -0.53450
 57062 -0.0405  0.3365 -0.53567
 57063 -0.0408  0.3386 -0.53685
 57064 -0.0411  0.3407 -0.53803
 57065 -0.0414  0.3428 -0.53921
 57066 -0.0416  0.3449 -0.54040
 57067 -0.0417  0.3470 -0.54159
 57068 -0.0419  0.3491 -0.54279
 57069 -0.0420  0.3513 -0.54399
 57070 -0.0420  0.3534 -0.54520
 57071 -0.0420  0.3555 -0.54641
 57072 -0.0420  0.3577 -0.54763
 57073 -0.0419  0.3598 -0.54885
 57074 -0.0418  0.3619 -0.55008
 57075 -0.0417  0.3641 -0.55131
 57076 -0.0415  0.3662 -0.55255
 57077 -0.0413  0.3683 -0.55380
 57078 -0.0410  0.3704 -0.55505
 57079 -0.0408  0.3726 -0.55631
 57080 -0.0404  0.3747 -0.55758
 57081 -0.0400  0.3768 -0.55885
 57082 -0.0396  0.3789 -0.56013
 57083 -0.0392  0.3810 -0.56141
 57084 -0.0387  0.3831 -0.56270
 57085 -0.0382  0.3852 -0.56400
 57086 -0.0376  0.3873 -0.56530
 57087 -0.0370  0.3894 -0.56661
 57088 -0.0363  0.3914 -0.56792
 57089 -0.0357  0.3935 -0.56925
 57090 -0.0349  0.3955 -0.57058
 57091 -0.0342  0.3976 -0.57191
 57092 -0.0334  0.3996 -0.57325
 57093 -0.0325  0.4016 -0.57460
 57094 -0.0317  0.4036 -0.57595
 57095 -0.0308  0.4056 -0.57731
 57096 -0.0298  0.4076 -0.57868
 57097 -0.0288  0.4096 -0.58005
 57098 -0.0278  0.4115 -0.58143
 57099 -0.0268  0.4135 -0.58281
 57100 -0.0257  0.4154 -0.58420
 57101 -0.0246  0.4173 -0.58559
 57102 -0.0234  0.4192 -0.58699
 57103 -0.0222  0.4211 -0.58839
 57104 -0.0210  0.4229 -0.58980
 57105 -0.0197  0.4248 -0.59121
 57106 -0.0184  0.4266 -0.59263
 57107 -0.0171  0.4284 -0.59405
 57108 -0.0157  0.4302 -0.59547
 57109 -0.0143  0.4319 -0.59690
 57110 -0.0129  0.4337 -0.59833
 57111 -0.0114  0.4354 -0.59976
 57112 -0.0099  0.4371 -0.60120
 57113 -0.0084  0.4388 -0.60264
 57114 -0.0068  0.4404 -0.60408
 57115 -0.0053  0.4421 -0.60552
 57116 -0.0036  0.4437 -0.60697
 57117 -0.0020  0.4452 -0.60841
 57118 -0.0003  0.4468 -0.60986
 57119  0.0014  0.4483 -0.61131
 57120  0.0031  0.4499 -0.61276
 57121  0.0049  0.4513 -0.61420
 57122  0.0067  0.4528 -0.61565
 57123  0.0085  0.4542 -0.61710
 57124  0.0104  0.4556 -0.61854
 57125  0.0122  0.4570 -0.61999
 57126  0.0141  0.4584 -0.62143
 57127  0.0161  0.4597 -0.62287
 57128  0.0180  0.4610 -0.62431
 57129  0.0200  0.4622 -0.62574
 57130  0.0220  0.4635 -0.62717
 57131  0.0240  0.4647 -0.62860
 57132  0.0260  0.4659 -0.63002
 57133  0.0281  0.4670 -0.63144
 57134  0.0302  0.4681 -0.63285
 57135  0.0323  0.4692 -0.63426
 57136  0.0344  0.4702 -0.63566
 57137  0.0366  0.4713 -0.63706
 57138  0.0388  0.4723 -0.63845
 57139  0.0409  0.4732 -0.63983
 57140  0.0431  0.4741 -0.64121
 57141  0.0454  0.4750 -0.64258
 57142  0.0476  0.4759 -0.64394
 57143  0.0499  0.4767 -0.64529
 57144  0.0521  0.4775 -0.64663
 57145  0.0544  0.4782 -0.64796
 57146  0.0567  0.4790 -0.64929
 57147  0.0590  0.4796 -0.65060
 57148  0.0614  0.4803 -0.65191
 57149  0.0637  0.4809 -0.65320
 57150  0.0661  0.4815 -0.65448
 57151  0.0684  0.4820 -0.65575
 57152  0.0708  0.4825 -0.65701
 57153  0.0732  0.4830 -0.65826
 57154  0.0756  0.4834 -0.65950
 57155  0.0780  0.4838 -0.66072
 57156  0.0804  0.4842 -0.66193
 57157  0.0828  0.4845 -0.66313
 57158  0.0852  0.4848 -0.66431
 57159  0.0877  0.4851 -0.66548
 57160  0.0901  0.4853 -0.66664
 57161  0.0926  0.4855 -0.66778
 57162  0.0950  0.4856 -0.66890
 57163  0.0975  0.4857 -0.67002
 57164  0.0999  0.4858 -0.67111
 57165  0.1024  0.4858 -0.67220
 57166  0.1048  0.4858 -0.67326
 57167  0.1073  0.4858 -0.67431
 57168  0.1097  0.4857 -0.67535
 57169  0.1122  0.4856 -0.67637
 57170  0.1146  0.4854 -0.67737
 57171  0.1171  0.4852 -0.67836
 57172  0.1196  0.4850 -0.67933
 57173  0.1220  0.4848 -0.68029
 57174  0.1244  0.4845 -0.68123
 57175  0.1269  0.4841 -0.68215
 57176  0.1293  0.4837 -0.68306
 57177  0.1317  0.4833 -0.68395
 57178  0.1342  0.4829 -0.68482
 57179  0.1366  0.4824 -0.68567
 57180  0.1390  0.4819 -0.68651
 57181  0.1414  0.4813 -0.68733
 57182  0.1438  0.4807 -0.68814
 57183  0.1461  0.4801 -0.68893
 57184  0.1485  0.4794 -0.68970
 57185  0.1509  0.4787 -0.69045
 57186  0.1532  0.4779 -0.69119
 57187  0.1555  0.4772 -0.69192
 57188  0.1578  0.4764 -0.69262
 57189  0.1602  0.4755 -0.69331
 57190  0.1624  0.4746 -0.69399
 57191  0.1647  0.4737 -0.69464
 57192  0.1670  0.4728 -0.69529
 57193  0.1692  0.4718 -0.69591
 57194  0.1714  0.4707 -0.69652
 57195  0.1736  0.4697 -0.69712
 57196  0.1758  0.4686 -0.69770
 57197  0.1780  0.4675 -0.69827
 57198  0.1801  0.4663 -0.69882
 57199  0.1823  0.4651 -0.69936
 57200  0.1844  0.4639 -0.69988
 57201  0.1865  0.4626 -0.70039
 57202  0.1885  0.4614 -0.70089
 57203  0.1906  0.4600 -0.70137
 57204  0.1926  0.4587 -0.70184
 57205  0.1946  0.4573 -0.70230
 57206  0.1965  0.4559 -0.70275
 57207  0.1985  0.4545 -0.70318
 57208  0.2004  0.4530 -0.70361
 57209  0.2023  0.4515 -0.70402
 57210  0.2041  0.4499 -0.70442
 57211  0.2060  0.4484 -0.70481
 57212  0.2078  0.4468 -0.70520
 57213  0.2096  0.4452 -0.70557
 57214  0.2113  0.4435 -0.70593
 57215  0.2130  0.4419 -0.70629
 57216  0.2147  0.4402 -0.70664
 57217  0.2164  0.4385 -0.70698
 57218  0.2180  0.4367 -0.70731
 57219  0.2196  0.4349 -0.70763
 57220  0.2212  0.4331 -0.70795
 57221  0.2227  0.4313 -0.70827
 57222  0.2243  0.4295 -0.70858
 57223  0.2257  0.4276 -0.70888
 57224  0.2272  0.4257 -0.70918
 57225  0.2286  0.4238 -0.70947
 57226  0.2299  0.4218 -0.70977
 57227  0.2313  0.4199 -0.71006
 57228  0.2326  0.4179 -0.71034
 57229  0.2338  0.4159 -0.71063
 57230  0.2351  0.4139 -0.71091
 57231  0.2363  0.4118 -0.71119
 57232  0.2374  0.4098 -0.71148
 57233  0.2385  0.4077 -0.71176
 57234  0.2396  0.4056 -0.71204
 57235  0.2407  0.4035 -0.71233
 57236  0.2417  0.4014 -0.71261
 57237  0.2426  0.3992 -0.71290
 57238  0.2436  0.3971 -0.71319
 57239  0.2445  0.3949 -0.71349
 57240  0.2453  0.3927 -0.71378
 57241  0.2461  0.3905 -0.71409
 57242  0.2469  0.3883 -0.71439
 57243  0.2476  0.3861 -0.71470
 57244  0.2483  0.3838 -0.71502
 57245  0.2490  0.3816 -0.71534
 57246  0.2496  0.3793 -0.71567
 57247  0.2502  0.3770 -0.71601
 57248  0.2507  0.3747 -0.71635
 57249  0.2512  0.3725 -0.71670
 57250  0.2517  0.3702 -0.71706
 57251  0.2521  0.3679 -0.71743
 57252  0.2524  0.3655 -0.71781
 57253  0.2528  0.3632 -0.71820
 57254  0.2530  0.3609 -0.71860
 57255  0.2533  0.3586 -0.71900
 57256  0.2535  0.3562 -0.71942
 57257  0.2537  0.3539 -0.71985
 57258  0.2538  0.3516 -0.72029
 57259  0.2538  0.3492 -0.72074
 57260  0.2539  0.3469 -0.72121
 57261  0.2539  0.3445 -0.72168
 57262  0.2538  0.3422 -0.72217
 57263  0.2537  0.3398 -0.72267
 57264  0.2536  0.3375 -0.72319
 57265  0.2534  0.3351 -0.72372
 57266  0.2532  0.3328 -0.72426
 57267  0.2529  0.3305 -0.72482
 57268  0.2526  0.3281 -0.72539
 57269  0.2523  0.3258 -0.72597
 57270  0.2519  0.3235 -0.72657
 57271  0.2515  0.3211 -0.72719
 57272  0.2510  0.3188 -0.72782
 57273  0.2505  0.3165 -0.72846
 57274  0.2499  0.3142 -0.72912
 57275  0.2493  0.3119 -0.72980
 57276  0.2487  0.3096 -0.73049
 57277  0.2480  0.3073 -0.73120
 57278  0.2473  0.3051 -0.73192
 57279  0.2465  0.3028 -0.73266
 57280  0.2457  0.3006 -0.73342
 57281  0.2449  0.2983 -0.73419
 57282  0.2440  0.2961 -0.73498
 57283  0.2431  0.2939 -0.73578
 57284  0.2421  0.2917 -0.73660
 57285  0.2411  0.2895 -0.73744
 57286  0.2401  0.2873 -0.73829
 57287  0.2390  0.2852 -0.73916
 57288  0.2379  0.2831 -0.74004
 57289  0.2367  0.2809 -0.74094
 57290  0.2355  0.2788 -0.74186
 57291  0.2343  0.2767 -0.74279
 57292  0.2330  0.2747 -0.74373
 57293  0.2317  0.2726 -0.74470
 57294  0.2304  0.2706 -0.74567
 57295  0.2290  0.2686 -0.74667
 57296  0.2276  0.2666 -0.74768
 57297  0.2261  0.2646 -0.74870
 57298  0.2247  0.2627 -0.74974
 57299  0.2231  0.2607 -0.75079
 57300  0.2216  0.2588 -0.75186
 57301  0.2200  0.2569 -0.75294
 57302  0.2184  0.2551 -0.75404
 57303  0.2167  0.2532 -0.75514
 57304  0.2150  0.2514 -0.75627
 57305  0.2133  0.2497 -0.75740
 57306  0.2115  0.2479 -0.75855
 57307  0.2098  0.2462 -0.75971
 57308  0.2079  0.2445 -0.76089
 57309  0.2061  0.2428 -0.76207
 57310  0.2042  0.2411 -0.76327
 57311  0.2023  0.2395 -0.76448
 57312  0.2004  0.2379 -0.76570
 57313  0.1984  0.2363 -0.76693
 57314  0.1964  0.2348 -0.76817
 57315  0.1944  0.2333 -0.76943
 57316  0.1923  0.2318 -0.77069
 57317  0.1903  0.2304 -0.77196
 57318  0.1882  0.2290 -0.77324
 57319  0.1860  0.2276 -0.77453
 57320  0.1839  0.2262 -0.77583
 57321  0.1817  0.2249 -0.77714
 57322  0.1795  0.2236 -0.77845
 57323  0.1773  0.2224 -0.77977
 57324  0.1751  0.2211 -0.78110
 57325  0.1728  0.2200 -0.78243
 57326  0.1705  0.2188 -0.78378
 57327  0.1682  0.2177 -0.78512
 57328  0.1659  0.2166 -0.78648
 57329  0.1635  0.2155 -0.78783
 57330  0.1612  0.2145 -0.78920
 57331  0.1588  0.2136 -0.79056
 57332  0.1564  0.2126 -0.79194
 57333  0.1540  0.2117 -0.79331
 57334  0.1515  0.2108 -0.79469
 57335  0.1491  0.2100 -0.79607
 57336  0.1466  0.2092 -0.79745
 57337  0.1441  0.2084 -0.79884
 57338  0.1417  0.2077 -0.80023
 57339  0.1392  0.2070 -0.80162
 57340  0.1366  0.2064 -0.80301
 57341  0.1341  0.2058 -0.80440
 57342  0.1316  0.2052 -0.80579
 57343  0.1290  0.2047 -0.80719
 57344  0.1265  0.2042 -0.80858
 57345  0.1239  0.2037 -0.80997
 57346  0.1213  0.2033 -0.81136
 57347  0.1188  0.2029 -0.81275
 57348  0.1162  0.2026 -0.81414
 57349  0.1136  0.2023 -0.81553
 57350  0.1110  0.2020 -0.81691
 57351  0.1084  0.2018 -0.81830
 57352  0.1058  0.2016 -0.81968
 57353  0.1032  0.2015 -0.82105
 57354  0.1006  0.2014 -0.82243
 57355  0.0980  0.2013 -0.82380
 57356  0.0953  0.2013 -0.82517
 57357  0.0927  0.2013 -0.82653
 57358  0.0901  0.2014 -0.82790
 57359  0.0875  0.2015 -0.82925
 57360  0.0849  0.2016 -0.83061
 57361  0.0823  0.2018 -0.83195
 57362  0.0797  0.2020 -0.83330
 57363  0.0771  0.2023 -0.83464
 57364  0.0745  0.2026 -0.83597
 57365  0.0719  0.2029 -0.83730
 57366  0.0693  0.2033 -0.83863
 57367  0.0668  0.2037 -0.83995
 57368  0.0642  0.2041 -0.84126
 57369  0.0616  0.2046 -0.84257
 57370  0.0591  0.2051 -0.84387
 57371  0.0566  0.2057 -0.84517
 57372  0.0540  0.2063 -0.84646
 57373  0.0515  0.2070 -0.84775
 57374  0.0490  0.2076 -0.84903
 57375  0.0465  0.2084 -0.85031
 57376  0.0440  0.2091 -0.85158
 57377  0.0416  0.2099 -0.85284
 57378  0.0391  0.2107 -0.85410
 57379  0.0367  0.2116 -0.85535
 57380  0.0343  0.2125 -0.85660
 57381  0.0319  0.2135 -0.85784
 57382  0.0295  0.2145 -0.85908
 57383  0.0271  0.2155 -0.86031
 57384  0.0248  0.2165 -0.86153
 57385  0.0224  0.2176 -0.86276
 57386  0.0201  0.2187 -0.86397
